6	10400002	15099	05012020				4.0	0200	200	1	USBANK
8	10400002		05012020	01			4.0	0200	200	1	USBANK
4	0000000000009652	04302020	20112	0	0	10000			0	0	00840																0	12319999
9	10400002		05012020	01	1		4.0	0200	200	1	USBANK
8	10400002		05012020	03			4.0	0200	200	1	USBANK
4	0000000000009652	0000000000009652	1423100812822	05012020	03242020		03312024	4	0	3		0	0	0000000000006151	                                                  	                                                                                                    	0	0	0			12319999								04			2	 		0	                		MIKE KUHNER              	                         	12319999	04072020
9	10400002		05012020	03	1		4.0	0200	200	1	USBANK
8	10400002		05012020	04			4.0	0200	200	1	USBANK
4	10400002	0000000000009652	14231008128220000000000	MIKE	KUHNER	260 COUSTEAU PL                     	                                    	DAVIS                    	CA	00000	956185490 		               	5307578505		000000000			                         	                         	                         	10207022       	5301234567
9	10400002		05012020	04	1		4.0	0200	200	1	USBANK
8	10400002		05012020	05			4.0	0200	200	1	USBANK
4	0000000000009652	04302020	24692160107100125445291	1	20112	443106		AMAZON.COM*U299K9YT3     	AMZN.COM/BILL       	WA 	840	98109     	648	648	840	5942	10	04292020	840	0				1001						1	5AU5URWJ98T              	112-5554057-46546        		0		 	300120807938496		0	1		0000000000006151						069765		202005010024453	0			                    		                    		                    		                    		                    	1.000000	04292020								128220000000000000000000000000	00000	BOOK STORES	OFFICE SUPPLIES
4	0000000000009652	04302020	24692160107100179377754	2	20112	469216		AMAZON.COM*VB01O1GV3          	AMZN.COM/BILL       	WA 	840	98109     	200	200	840	5942	10	04292020	840	0				1001						1	JRDLQU77DVRQ             	112-1016582-95698        		0		 	               		0	1		0000000000006151						054974		202005010024453	0			                    		                    		                    		                    		                    	1.000000	04292020								128220000000000000000000000000	00000	BOOK STORES	OFFICE SUPPLIES
9	10400002		05012020	05	2	848	4.0	0200	200	1	USBANK
8	10400002		05012020	06			4.0	0200	200	1	USBANK
4	10400002	10400002					00840		01012020		4	US BANK	0	05012020
9	10400002		05012020	06	1		4.0	0200	200	1	USBANK
8	10400002		05012020	10			4.0	0200	200	1	USBANK
4	10400002	142310081282200	14231008128220	05012020	142310081282200
4	10400002	14231008128220	1423100812822	05012020	14231008128220
4	10400002	1423100812822	14231008	05012020	1423100812822
4	10400002	14231008	1423	05012020	14231008
4	10400002	1423	10400002	05012020	1423
4	10400002	10400002	 	05012020	10400002
9	10400002		05012020	10	6		4.0	0200	200	1	USBANK
8	10400002		05012020	11			4.0	0200	200	1	USBANK
4	10400002	20112	4	04302020	04302020	1
9	10400002		05012020	11	1		4.0	0200	200	1	USBANK
8	10400002		05012020	16			4.0	0200	200	1	USBANK
4	0	                         	NA           	NA 	0	0	    	                              	0	                              	                              	                              	0	  	  	000000000	0000	0	               	                         	 	                         	  	0	0	0	 	                                        		               	 	 		                    	   	         		10292003	 	10292003
9	10400002		05012020	16	1		4.0	0200	200	1	USBANK
8	10400002		05012020	28			4.0	0200	200	1	USBANK
4	0000000000009652	04302020	24692160107100125445291	1	1	                                                                           		                                                                           		648	100					04302020
4	0000000000009652	04302020	24692160107100179377754	2	1	                                                                           		                                                                           		200	100					04302020
9	10400002		05012020	28	2		4.0	0200	200	1	USBANK
8	10400002		05012020	29			4.0	0200	200	1	USBANK
4	0000000000009652	04302020	24692160107100125445291	1	1	1
4	0000000000009652	04302020	24692160107100179377754	2	1	2
9	10400002		05012020	29	2		4.0	0200	200	1	USBANK
7	10400002	15099	05012020		38	848	4.0	0200	200	1	USBANK
