6	12345678	1	11122005				4.0	0200	200	1	USBANK
8	12345678		11122005	01			4.0	0200	200	1	USBANK
4	4716400000999999	11102005	05315	0	0	1000000			0	0	00840																0	12319999	11242005
4	4716404555550000	11102005	05315	364958	95178	30000000			0	0	00840																364958	10142005	11242005
9	12345678		11122005	01	2		4.0	0200	200	1	USBANK
8	12345678		11122005	03			4.0	0200	200	1	USBANK
4	4716400000999999	4716400000999999	3059123412345	11122005	08032005		08312008	4	0	3		400000	0	4716404555550000	                                                  	                                                                                                    	0	0	0			12319999								09			2	 		0	                       		STEVE MCELWYN            	GENERIC1 TRUST FAC       	12319999	08162005
4	4716404555550000	4716404555550000	3059123412345	11122005	07282005		12312049	4	0	3		0	1	4716404555550000	                                                  	                                                                                                    	0	0	0			12319999								08			1	 		0	                       		PAUL STEVENSON           	GENERIC1 TRUST           	08012005	08102005
9	12345678		11122005	03	2		4.0	0200	200	1	USBANK
8	12345678		11122005	04			4.0	0200	200	1	USBANK
4	12345678	4716400000999999	3059123412345	STEVE	MCELWYN	GENERIC1 TRUST BLDG 5E	PO BOX 123AB	SAN FRANCISCO            	CA	840	941290052		943306440	4155611234		0			                         	                         	                         	943306440	0	 	GENERIC1 TRUST FAC																																																
4	12345678	4716404555550000	3059123412345	PAUL	STEVENSON	GENERIC1 TRUST BLDG 5E	PO BOX 123AB	SAN FRANCISCO            	CA	840	941290052		               	4155611234		0			                         	                         	                         		0	 	GENERIC1 TRUST																																																
9	12345678		11122005	04	2		4.0	0200	200	1	USBANK
8	12345678		11122005	05			4.0	0200	200	1	USBANK
4	4716400000999999	10142005	24326885286206166100650	1	05315	432688		URBAN LAND INSTITUTE          	202-624-7076        	DC 	840	20007     	19000	19000	840	8398	10	10132005	840	0										1	9017316583               	VZMA0CF3FCE7             		0		 	175285537642443		7034189	1		4716404555550000       						081281		200511120000957	0	11102005												10132005								471640006700067000011205700000	00000
4	4716400000999999	10142005	24492795286148000010076	2	05315	449279		KOSMAN SUPPLY INC             	SAN FRANCISCO       	CA 	840	94110     	48948	48948	840	5943	10	10132005	840	0										 	                         	                         		0		 	               		4811444	1		4716404555550000       						040126		200511120000957	0	11102005												10132005								471640006700067000011205700000	00000
4	4716400000999999	11032005	24445005307281268039409	1	05315	444500		FEDEX KINKO'S #5160           	SAN FRANCISCO       	CA 	840	94118     	18000	18000	840	7338	10	11022005	840	0										0	                         	pr06re0004               		0		 	165306834060962		10510163	1		4716404555550000       						001676		200511120000957	0	11102005												11022005								471640006700067000011205700000	00000
4	4716400000999999	11082005	24492795311148000010026	1	05315	449279		KOSMAN SUPPLY INC             	SAN FRANCISCO       	CA 	840	94110     	9230	9230	840	5943	10	11072005	840	0										 	                         	                         		0		 	               		4811444	1		4716404555550000       						071999		200511120000957	0	11102005												11072005								471640006700067000011205700000	00000
4	4716404555550000	10142005	74798265287000000000053	1	05315	479826		PAYMENT - 410417860956500     	00000               	A  	840	00000     	364958	364958	840	0	31	10142005	840	0										 	                         	                         		0		 	               		0	1		4716400000000000       						      		200511120000957	1	11102005												10142005								471640006700067000011205700000	00000
4	4716404555550000	10142005	24326885286206166100650	2	05315	432688		URBAN LAND INSTITUTE          	202-624-7076        	DC 	840	20007     	19000	19000	840	8398	10	10132005	840	0										1	9017316583               	VZMA0CF3FCE7             		0		 	175285537642443		0	1		4716400000999999       						081281		200511120000957	1	11102005												10132005								471640006700067000011205700000	00000
4	4716404555550000	10142005	24492795286148000010076	3	05315	449279		KOSMAN SUPPLY INC             	SAN FRANCISCO       	CA 	840	94110     	48948	48948	840	5943	10	10132005	840	0										 	                         	                         		0		 	               		0	1		4716400000999999       						040126		200511120000957	1	11102005												10132005								471640006700067000011205700000	00000
4	4716404555550000	11032005	24445005307281268039409	1	05315	444500		FEDEX KINKO'S #5160           	SAN FRANCISCO       	CA 	840	94118     	18000	18000	840	7338	10	11022005	840	0										0	                         	pr06re0004               		0		 	165306834060962		0	1		4716400000999999       						001676		200511120000957	1	11102005												11022005								471640006700067000011205700000	00000
4	4716404555550000	11082005	24492795311148000010026	1	05315	449279		KOSMAN SUPPLY INC             	SAN FRANCISCO       	CA 	840	94110     	9230	9230	840	5943	10	11072005	840	0										 	                         	                         		0		 	               		0	1		4716400000999999       						071999		200511120000957	1	11102005												11072005								471640006700067000011205700000	00000
9	12345678		11122005	05	9	555314	4.0	0200	200	1	USBANK
8	12345678		11122005	06			4.0	0200	200	1	USBANK
4	12345678	12345678					00840		01012005		4	US BANK	0	11122005
9	12345678		11122005	06	1		4.0	0200	200	1	USBANK
8	12345678		11122005	07			4.0	0200	200	1	USBANK
4	4716400000999999	11032005	24445005307281268039409	1	1	165306834060962	6013        	Misc Office Supplies      	40000	45000000	PCB         			0			18000	6013        	PURCHL	pr06re0004               	18000	11022005	7338	FEDEX KINKO'S #5160           	94118
4	4716400000999999	11032005	24445005307281268039409	1	2	165306834060962	2922        	Delivery                  	10000	0	PCB         			1			0	2922        	PURCHL	pr06re0004               	18000	11022005	7338	FEDEX KINKO'S #5160           	94118
9	12345678		11122005	07	2		4.0	0200	200	1	USBANK
8	12345678		11122005	08			4.0	0200	200	1	USBANK
4	4716400000999999	11032005	24445005307281268039409	1	165306834060962		0		941183303	941183303							pr06re0004               	18000	11022005	7338	FEDEX KINKO'S #5160           	94118     			CA 	CA
9	12345678		11122005	08	1		4.0	0200	200	1	USBANK
8	12345678		11122005	10			4.0	0200	200	1	USBANK
4	12345678	12345678	 	11122005	12345678
4	12345678	3059	12345678	11122005	3059
4	12345678	30591234	3059	11122005	30591234
4	12345678	3059123412345	30591234	11122005	3059123412345
9	12345678		11122005	10	4		4.0	0200	200	1	USBANK
8	12345678		11122005	11			4.0	0200	200	1	USBANK
4	12345678	05315	4	10112005	11102005	1
9	12345678		11122005	11	1		4.0	0200	200	1	USBANK
8	12345678		11122005	16			4.0	0200	200	1	USBANK
4	0	                         	NA           	NA 	0	0	    	                              	0	                              	                              	                              	0	  	  	000000000	0000	0	               	                         	 	                         	  	0	0	0	 	                                        		               	 	 		                    	   	         		10292003	10292003
4	0	FEDEX                    	MEMPHIS      	TN 	0	945900000	7338	5134 WHIPPLE AVE NW           	10510163	KINKO'S #5957                 	                              	                              	0	3 	  	770433330	2752	7334	3304922679     	                         	 	                         	  	0	23	0	 	                                        		               	Y	Y		CANTON              	OH 	447182663		03262005	12319999	 	 	 	 	 	 		 	                    	  			 	 	323110	561439
4	0	KOSMAN SUPPLY INC        	SAN FRANCISCO	CA 	0	941100000	5943	611 S VAN NESS AVE FL 2       	4811444	KOSMAN SUPPLY INC             	KOSMAN SUPPLY INC             	                              	0	3 	  	942958406	9999	0	4152419013     	                         	 	                         	  	0	0	0	 	                                        		               	 	 		SAN FRANCISCO       	CA 	941101305		05142002	12319999	 	 	 	 	 	 		 	                    	  			 	 	000000	000000
4	0	URBAN LAND INSTITUTE     	202-624-7076 	DC 	0	200070000	8398	1025 THOMAS JEFFERSON ST NW   	7034189	URBAN LAND INSTITUTE          	URBAN LAND INSITUTE           	                              	0	6 	  	530159845	8611	8399	2026247000     	                         	 	                         	  	0	100	0	 	                                        		               	Y	Y		WASHINGTON          	DC 	200075223		06262002	12319999	 	 	 	 	 	 		 	                    	  			 	 	813910	000000
9	12345678		11122005	16	4		4.0	0200	200	1	USBANK
8	12345678		11122005	28			4.0	0200	200	1	USBANK
4	4716400000999999	10142005	24326885286206166100650	1	1	                                                                           		                                                                           		19000	100					10152005
4	4716400000999999	10142005	24492795286148000010076	2	1	                                                                           		                                                                           		48948	100					10152005
4	4716400000999999	11032005	24445005307281268039409	1	1	                                                                           		                                                                           		18000	100					11042005
4	4716400000999999	11082005	24492795311148000010026	1	1	                                                                           		                                                                           		9230	100					11082005
4	4716404555550000	10142005	74798265287000000000053	1	1	                                                                           		                                                                           		364958	100					10152005
4	4716404555550000	10142005	24326885286206166100650	2	1	                                                                           		                                                                           		19000	100					10152005
4	4716404555550000	10142005	24492795286148000010076	3	1	                                                                           		                                                                           		48948	100					10152005
4	4716404555550000	11032005	24445005307281268039409	1	1	                                                                           		                                                                           		18000	100					11042005
4	4716404555550000	11082005	24492795311148000010026	1	1	                                                                           		                                                                           		9230	100					11082005
9	12345678		11122005	28	9		4.0	0200	200	1	USBANK
8	12345678		11122005	29			4.0	0200	200	1	USBANK
4	4716400000999999	10142005	24326885286206166100650	1	1	1
4	4716400000999999	10142005	24492795286148000010076	2	1	2
4	4716400000999999	11032005	24445005307281268039409	1	1	1
4	4716400000999999	11082005	24492795311148000010026	1	1	1
4	4716404555550000	10142005	74798265287000000000053	1	1	1
4	4716404555550000	10142005	24326885286206166100650	2	1	2
4	4716404555550000	10142005	24492795286148000010076	3	1	3
4	4716404555550000	11032005	24445005307281268039409	1	1	1
4	4716404555550000	11082005	24492795311148000010026	1	1	1
9	12345678		11122005	29	9		4.0	0200	200	1	USBANK
7	12345678		11122005		70	555314	4.0	0200	200	1	USBANK
