6	10400002	15099	05132020				4.0	0200	200	1	USBANK
8	10400002		05132020	01			4.0	0200	200	1	USBANK
4	0000000000009652	04302020	20112	0	0	10000			0	0	00840																0	12319999
9	10400002		05132020	01	1		4.0	0200	200	1	USBANK
8	10400002		05132020	03			4.0	0200	200	1	USBANK
4	0000000000009652	0000000000009652	1423100812822	05132020	03242020		03312024	4	0	3		0	0	0000000000006151	                                                  	                                                                                                    	0	0	0			12319999								04			2	 		0	                		MIKE KUHNER              	                         	12319999	04072020
9	10400002		05132020	03	1		4.0	0200	200	1	USBANK
8	10400002		05132020	04			4.0	0200	200	1	USBANK
4	10400002	0000000000009652	14231008128220000000000	MIKE	KUHNER	260 COUSTEAU PL                     	                                    	DAVIS                    	CA	00000	956185490 		               	5307578505		000000000			                         	                         	                         	10207022       	5301234567
9	10400002		05132020	04	1		4.0	0200	200	1	USBANK
8	10400002		05132020	05			4.0	0200	200	1	USBANK
4	0000000000009652	04302020	24692160120100004510242	2	20112	443106		AMAZON.COM*BF3PM75A3     	AMZN.COM/BILL       	WA 	840	98109     	250	250	840	5942	10	04292020	840	0				1001						1	5AU5URWJ98T              	112-5554057-46546        		0		 	300120807938496		0	1		0000000000006151						069765		202005010024453	0			                    		                    		                    		                    		                    	1.000000	04292020								128220000000000000000000000000	00000	BOOK STORES	OFFICE SUPPLIES
4	0000000000009652	04302020	24431060120083335280354	1	20112	469216		AMAZON.COM*845L495B3 AMZN          	AMZN.COM/BILL       	WA 	840	98109     	100	100	840	5942	10	04292020	840	0				1001						1	JRDLQU77DVRQ             	112-1016582-95698        		0		 	               		0	1		0000000000006151						054974		202005010024453	0			                    		                    		                    		                    		                    	1.000000	04292020								128220000000000000000000000000	00000	BOOK STORES	OFFICE SUPPLIES
4	0000000000009652	04302020	24137460134600160522478	1	20112	469216		NUGGET MARKET 12          	DAVIS       	CA 	840	98109     	1156	1156	840	5942	10	05122020	840	0				1001						1	JRDLQU77DVRQ             	112-1016582-95698        		0		 	               		0	1		0000000000006151						054974		202005010024453	0			                    		                    		                    		                    		                    	1.000000	04292020								128220000000000000000000000000	00000	BOOK STORES	OFFICE SUPPLIES
9	10400002		05132020	05	2	848	4.0	0200	200	1	USBANK
7	10400002	15099	05132020		38	848	4.0	0200	200	1	USBANK
