6	19400014	12	05192005				4.0	0200	200	1	USBANK				
8	19400014		05192005	01			4.0	0200	200	1	USBANK				
4	4246040000000001	05162005	05137	0	0	50000000			0	0	00840																0	12319999	05302005					
4	4246040000000002	05162005	05137	0	0	50000000			0	0	00840																0	12319999	05302005					
4	4246045555555555	05162005	05137	560123	15882944	999999900			0	0	00840																0	12319999	05302005					
9	19400014		05192005	01	3		4.0	0200	200	1	USBANK				
8	19400014		05192005	03			4.0	0200	200	1	USBANK				
4	4246040000000001	4246040000000001	1425004631826	05192005	01122005		01312008	4	0	3		10000000	0	4246045555555555	510200113000                                      	                                                                                                    	0	0	0			12319999								02			2	 			       		SOUTH BEND WEB APPLETON    	SCOOL BOARD                  	12319999	01272005				
4	4246040000000002	4246040000000002	1425004631826	05192005	01122005		01312008	4	0	3		10000000	0	4246045555555555	510200113000                                      	                                                                                                    	0	0	0	3		05062005								02			2	05062005			4798264100000006      		SOUTH BEND WEB APPLETON    	SCOOL BOARD                  	12319999	01272005				
4	4246045555555555	4246045555555555	1425004631826	05192005	10192004		12312049	4	0	3		0	1	4246045555555555	                                                  	                                                                                                    	0	0	0			12319999								11			1 	 		0	                       		SCOOL BOARD-INVENTORY        	ATTN JOHN SMITH     	12319999	12319999				
9	19400014		05192005	03	3		4.0	0200	200	1	USBANK				
8	19400014		05192005	04			4.0	0200	200	1	USBANK				
4	19400014	4246040000000001	1425004631826	SOUTH BEND	APPLETON	112 ERMINE ROAD                     	ATTN JOHN WASTON                   	WEST COLUMBIA            	SC	00840	266352221 		               	8037965101		0			                         	                         	                         		0	WEB	SCOOL BOARD                  									
4	19400014	4246040000000002	1425004631826	SOUTH BEND	APPLETON	112 ERMINE ROAD                     	ATTN JOHN WASTON                   	WEST COLUMBIA            	SC	00840	266352221 		               	8037965101		0			                         	                         	                         		0	WEB	SCOOL BOARD                  									
4	19400014	4246045555555555	1425004631826	SCOOL BOARD-INVENTORY		123 MAIN STREET WEST              	                                    	DECATUR                  	IA 	00840	300354038 		               	7705935029		0			AC*CLD                   	NAM*LJP                  	                         		0	 	ATTN JOHN SMITH     									
9	19400014		05192005	04	3		4.0	0200	200	1	USBANK				
8	19400014		05192005	05			4.0	0200	200	1	USBANK				
4	4246040000000001	04292005	24717055118691183916892	1	05137	471705		APPLETON PAPERS INC.          	APPLETON         	WI 	840	54912     	210116	210116	840	5199	11	04282005	840	0										1	BOL 12345678910          	0140003747               		0		 	AA5118803092425		0	1		4246045555555555       						038740		200505190000727	0	05172005		                    		                    		                    		                    		                    		04282005											
4	4246040000000001	05132005	24717055132691324278881	1	05137	471705		APPLETON PAPERS INC.          	APPLETON         	WI 	840	54912     	6726931	6726931	840	5199	10	05122005	840	0										1	90353588/90353621        	0140004234               		0		 	AA5132797392159		0	1		4246045555555555       						063888		200505190000727	0	05172005		                    		                    		                    		                    		                    		05122005											
4	4246040000000001	05142005	24717055118691183916893	1	05137	471705		APPLETON PAPERS INC.          	APPLETON         	WI 	840	54912     	89000	89000	840	5199	65	04282005	840	0										1	BOL 12345678910          	0140003747               		0		 	AA5118803092425		0	1		4246045555555555       						038740		200505190000727	0	05172005		                    		                    		                    		                    		                    		04282005											
4	4246040000000001	05152005	24717055132691324278884	1	05137	471705		APPLETON PAPERS INC.          	APPLETON         	WI 	840	54912     	6726931	6726931	840	5199	10	05122005	840	0										1	90353588/90353621        	0140004234               		0		 	AA5132797392159		0	1		4246045555555555       						063888		200505190000727	0	05172005		                    		                    		                    		                    		                    		05122005											
4	4246040000000001	05162005	24717055118691183916895	1	05137	471705		APPLETON PAPERS INC.          	APPLETON         	WI 	840	54912     	2	2	840	5199	10	04282005	840	0										1	BOL 12345678910          	0140003747               		0		 	AA5118803092425		0	1		4246045555555555       						038740		200505190000727	0	05172005		                    		                    		                    		                    		                    		04282005											
4	4246040000000001	05172005	24717055132691324278886	1	05137	471705		APPLETON PAPERS INC.          	APPLETON         	WI 	840	54912     	6726931	6726931	840	5199	10	05122005	840	0										1	90353588/90353621        	0140004234               		0		 	AA5132797392159		0	1		4246045555555555       						063888		200505190000727	0	05172005		                    		                    		                    		                    		                    		05122005											
4	4246045555555555	04292005	24717055118691183916892	1	05137	471705		APPLETON PAPERS INC.          	APPLETON         	WI 	840	54912     	210116	210116	840	5199	11	04282005	840	0										1	BOL 12345678910          	0140003747               		0		 	AA5118803092425		0	1		4246040000000001       						038740		200505190000727	1	05172005		                    		                    		                    		                    		                    		04282005											
4	4246045555555555	05132005	24717055132691324278881	1	05137	471705		APPLETON PAPERS INC.          	APPLETON         	WI 	840	54912     	6726931	6726931	840	5199	10	05122005	840	0										1	90353588/90353621        	0140004234               		0		 	AA5132797392159		0	1		4246040000000001       						063888		200505190000727	1	05172005		                    		                    		                    		                    		                    		05122005											
4	4246045555555555	05142005	24717055118691183916893	1	05137	471705		APPLETON PAPERS INC.          	APPLETON         	WI 	840	54912     	89000	89000	840	5199	65	04282005	840	0										1	BOL 12345678910          	0140003747               		0		 	AA5118803092425		0	1		4246040000000001       						038740		200505190000727	1	05172005		                    		                    		                    		                    		                    		04282005											
4	4246045555555555	05152005	24717055132691324278884	1	05137	471705		APPLETON PAPERS INC.          	APPLETON         	WI 	840	54912     	6726931	6726931	840	5199	10	05122005	840	0										1	90353588/90353621        	0140004234               		0		 	AA5132797392159		0	1		4246040000000001       						063888		200505190000727	1	05172005		                    		                    		                    		                    		                    		05122005											
4	4246045555555555	05162005	24717055118691183916895	1	05137	471705		APPLETON PAPERS INC.          	APPLETON         	WI 	840	54912     	2	2	840	5199	10	04282005	840	0										1	BOL 12345678910          	0140003747               		0		 	AA5118803092425		0	1		4246040000000001       						038740		200505190000727	1	05172005		                    		                    		                    		                    		                    		04282005											
4	4246045555555555	05172005	24717055132691324278886	1	05137	471705		APPLETON PAPERS INC.          	APPLETON         	WI 	840	54912     	6726931	6726931	840	5199	10	05122005	840	0										1	90353588/90353621        	0140004234               		0		 	AA5132797392159		0	1		4246040000000001       						063888		200505190000727	1	05172005		                    		                    		                    		                    		                    		05122005											
4	4246045555555555	05172005	74247170000000000000966	2	05137	471705		PAYMENT - THANK YOU          	00000000         	A 	840	00000     	4558858	4558858	840	0000	31	05172005	840	0											                 	  		               			0		 				0	1		4246040000000001       						000000		200505190000727	1	05172005		                    		                    		                    		                    		                    		05162005											
9	19400014		05192005	05	13	45518680	4.0	0200	200	1	USBANK				
8	19400014		05192005	06			4.0	0200	200	1	USBANK				
4	19400014	19400014					00840		01012005		4	US BANK	0	05192005						
9	19400014		05192005	06	1		4.0	0200	200	1	USBANK				
8	19400014		05192005	07			4.0	0200	200	1	USBANK				
4	4246040000000001	04292005	24717055118691183916892	1	1	AA5118803092425	0           	SMITHSONGA White 15 1/2 x 	10000	100	LB          			0			1	410210      	PURCHL	0140003747               	2	04282005	5199	APPLETON PAPERS INC.          	54912     								
4	4246040000000001	04292005	24717055118691183916892	1	2	AA5118803092425	0           	GA 17.0 BLUE CNRY         	10000	100	LB          			1			1	996247      	PURCHL	0140003747               	2	04282005	5199	APPLETON PAPERS INC.          	54912     								
4	4246040000000001	05132005	24717055132691324278881	1	1	AA5132797392159	0           	GA 17.0 BLUE CNRY         	400000	7693675	RL          			0			3077470	996247      	PURCHL	0140004234               	6726931	05122005	5199	APPLETON PAPERS INC.          	54912     								
4	4246040000000001	05132005	24717055132691324278881	1	2	AA5132797392159	0           	GA 17.0 BLUE WHT          	360000	10137392	RL          			1			3649461	994196      	PURCHL	0140004234               	6726931	05122005	5199	APPLETON PAPERS INC.          	54912     								
9	19400014		05192005	07	4		4.0	0200	200	1	USBANK				
8	19400014		05192005	08			4.0	0200	200	1	USBANK				
4	4246040000000001	04292005	24717055118691183916892	1	AA5118803092425		0		30035    	54912    							0140003747               	2	04282005	5199	APPLETON PAPERS INC.          	54912     			GA 	WI 					
4	4246040000000001	05132005	24717055132691324278881	1	AA5132797392159		0		29170    	54912    							0140004234               	6726931	05122005	5199	APPLETON PAPERS INC.          	54912     			GA 	AZ 					
9	19400014		05192005	08	2		4.0	0200	200	1	USBANK				
8	19400014		05192005	10			4.0	0200	200	1	USBANK				
4	19400014	19400014	 	05192005	19400014																					 						
4	19400014	1425	19400014	05192005	1425																					 						
4	19400014	14250046	1425	05192005	14250046																					 						
4	19400014	1425004631826	14250046	05192005	1425004631826																					 						
9	19400014		05192005	10	4		4.0	0200	200	1	USBANK				
8	19400014		05192005	11			4.0	0200	200	1	USBANK				
4	19400014	05137	4	04162005	05162005	1				
9	19400014		05192005	11	1		4.0	0200	200	1	USBANK				
8	19400014		05192005	16			4.0	0200	200	1	USBANK				
4	0	AIRGAS MID AMERICA #13   	LOUISVILLE   	KY 	0	402180000	5169	4534 BISHOP LN                	9865330	AIRGAS MID AMERICA INC        	AIR GAS                       	                              	0	3 	  	611237230	0000	0	               	                         	 	                         	  	0	0	0	 	                                        		               	Y	Y		LOUISVILLE          	KY 	402184508		09282004	 	 	12319999	 	 	 	 		 	                    	  			 	 	000000	000000																											
4	0	MSC INDUSTRIAL SUPPLY CO 	800-645-7270 	NY 	0	117470000	5085	75 MAXESS RD                  	6532369	MSC INDUSTRIAL DIRECT INC     	MSC INDUSTRIAL SUPPLY CO      	                              	2412724	3 	  	135526506	5085	8742	5163497100     	                         	 	                         	  	869231	2200	0	 	cust_service@mscdirect.com              		               	Y	Y		MELVILLE            	NY 	117473151		01152002	 	 	12319999	 	 	 	 		 	                    	  			 	 	423830	421830																											
9	19400014		05192005	16	2		4.0	0200	200	1	USBANK				
8	19400014		05192005	28			4.0	0200	200	1	USBANK				
4	4246040000000001	04292005	24717055118691183916892	1	1	                                                                           		510200113000                                                               		210116	100					04302005	510200113000                                                                                                                                          					
4	4246040000000001	05132005	24717055132691324278881	1	1	                                                                           		510200113000                                                               		6726931	100					05142005	510200113000                                                                                                                                          					
4	4246040000000001	05142005	24717055118691183916893	1	1	                                                                           		510200113000                                                               		89000	100					04302005	510200113000                                                                                                                                          					
4	4246040000000001	05152005	24717055132691324278884	1	1	                                                                           		510200113000                                                               		6726931	100					05142005	510200113000                                                                                                                                          					
4	4246040000000001	05162005	24717055118691183916895	1	1	                                                                           		510200113000                                                               		2	100					04302005	510200113000                                                                                                                                          					
4	4246040000000001	05172005	24717055132691324278886	1	1	                                                                           		510200113000                                                               		6726931	100					05142005	510200113000                                                                                                                                          					
4	4246045555555555	04292005	24717055118691183916892	1	1	                                                                           		                                                                           		210116	100					04302005	                                                                                                                                                      					
4	4246045555555555	05132005	24717055132691324278881	1	1	                                                                           		                                                                           		6726931	100					05142005	                                                                                                                                                      					
4	4246045555555555	05142005	24717055118691183916893	1	1	                                                                           		                                                                           		89000	100					04302005	                                                                                                                                                      					
4	4246045555555555	05152005	24717055132691324278884	1	1	                                                                           		                                                                           		6726931	100					05142005	                                                                                                                                                      					
4	4246045555555555	05162005	24717055118691183916895	1	1	                                                                           		                                                                           		2	100					04302005	                                                                                                                                                      					
4	4246045555555555	05172005	24717055132691324278886	1	1	                                                                           		                                                                           		6726931	100					05142005	                                                                                                                                                      					
4	4246045555555555	05172005	74247170000000000000966	2	1	                                                                           		                                                                           		4558858	100					05142005	                                                                                                                                                      					
9	19400014		05192005	28	13		4.0	0200	200	1	USBANK				
8	19400014		05192005	29			4.0	0200	200	1	USBANK				
4	4246040000000001	04292005	24717055118691183916892	1	1	1	510200113000                                                                                        				
4	4246040000000001	05132005	24717055132691324278881	1	1	1	510200113000                                                                                        				
4	4246040000000001	05142005	24717055118691183916893	1	1	1	510200113000                                                                                        				
4	4246040000000001	05152005	24717055132691324278884	1	1	1	510200113000                                                                                        				
4	4246040000000001	05162005	24717055118691183916895	1	1	1	510200113000                                                                                        				
4	4246040000000001	05172005	24717055132691324278886	1	1	1	510200113000                                                                                        				
4	4246045555555555	04292005	24717055118691183916892	1	1	1	                                                                                                    				
4	4246045555555555	05132005	24717055132691324278881	1	1	1	                                                                                                    				
4	4246045555555555	05142005	24717055118691183916893	1	1	1	                                                                                                    				
4	4246045555555555	05152005	24717055132691324278884	1	1	1	                                                                                                    				
4	4246045555555555	05162005	24717055118691183916895	1	1	1	                                                                                                    				
4	4246045555555555	05172005	24717055132691324278886	1	1	1	                                                                                                    				
4	4246045555555555	05172005	74247170000000000000966	2	1	1	                                                                                                    				
9	19400014		05192005	29	13		4.0	0200	200	1	USBANK				
7	19400014	12	05192005		86	45518680	4.0	0200	200	1	USBANK				