6	12345678	1	02072020				4.0	0200	200	1	USBANK
8	12345678		02072020	01			4.0	0200	200	1	USBANK
4	47160000111122221234	11102005	05315	0	0	1000000			0	0	00840																0	12319999	11242005
4	47160000111122221212	11102005	05315	0	0	1000000			0	0	00840																0	12319999	11242005
4	47160000111122223434	11102005	05315	0	0	1000000			0	0	00840																0	12319999	11242005
4	47160000111122225656	11102005	05315	0	0	1000000			0	0	00840																0	12319999	11242005
4	47160000111122227979	11102005	05315	0	0	1000000			0	0	00840																0	12319999	11242005
4	47160000111122228888	11102005	05315	0	0	1000000			0	0	00840																0	12319999	11242005
4	47160000111122227777	11102005	05315	0	0	1000000			0	0	00840																0	12319999	11242005
4	47160000111122229999	11102005	05315	0	0	1000000			0	0	00840																0	12319999	11242005
9	12345678		02072020	01	8		4.0	0200	200	1	USBANK
8	12345678		02072020	03			4.0	0200	200	1	USBANK
4	47160000111122221234	47160000111122221234	3059123412345	02072020	08032005		08312008	4	0	3		400000	0	4716404555550000			0	0	0			12319999								09			2			0			SOMEONE ELSE	UC DAVIS	12319999	08162005
4	47160000111122221212	47160000111122221212	3059123412345	02072020	08032005		08312008	4	0	3		400000	0	4716404555550000			0	0	0			12319999								09			2			0			YET ANOTHER CARDHOLDER	UC DAVIS	12319999	08162005
4	47160000111122223434	47160000111122223434	3059123412345	02072020	08032005		08312008	4	0	3		400000	0	4716404555550000			0	0	0			12319999								09			2			0			IMA BAD ACCOUNT	UC DAVIS	12319999	08162005
4	47160000111122225656	47160000111122225656	3059123412345	02072020	08032005		08312008	4	0	3		400000	0	4716404555550000			0	0	0			12319999								09			2			0			IDUNNO MY ACCOUNT	UC DAVIS	12319999	08162005
4	47160000111122227979	47160000111122227979	3059123412345	02072020	08032005		08312008	4	0	3		400000	0	4716404555550000			0	0	0			12319999								09			2			0			OLD CARDHOLDER	UC DAVIS	12319999	08162005
4	47160000111122228888	47160000111122228888	3059123412345	02182020	08032005		08312008	4	0	3		400000	0	4716404555550000			0	0	0			12319999								09			2			0			ANOTHER CARDHOLDER	UC DAVIS	12319999	08162005
4	47160000111122227777	47160000111122227777	3059123412345	02182020	08032005		08312008	4	0	3		400000	0	4716404555550000			0	0	0			12319999								09			2			0			EXPIRING CARDHOLDER	UC DAVIS	12319999	08162005
4	47160000111122229999	47160000111122229999	3059123412345	02182020	08032005		08312008	4	0	3		400000	0	4716404555550000			0	0	0			12319999								09			2			0			UNKNOWN CARDHOLDER	UC DAVIS	12319999	08162005
9	12345678		02072020	03	8		4.0	0200	200	1	USBANK
8	12345678		02072020	04			4.0	0200	200	1	USBANK
4	12345678	47160000111122221234	3059123412345	SOMEONE	ELSE	UC DAVIS ADMIN IT	1441 RESEARCH PARK DR	DAVIS	CA	840	95616		11200002	5305551212		0						11200002	0		UC DAVIS
4	12345678	47160000111122221212	3059123412345	YET	CARDHOLDER	UC DAVIS ADMIN IT	1441 RESEARCH PARK DR	DAVIS	CA	840	95616		11200003	5305551212		0						11200003	0	ANOTHER	UC DAVIS
4	12345678	47160000111122223434	3059123412345	IMA	ACCOUNT	UC DAVIS ADMIN IT	1441 RESEARCH PARK DR	DAVIS	CA	840	95616		11200005	5305551212		0						11200005	0	BAD	UC DAVIS
4	12345678	47160000111122225656	3059123412345	IDUNNO	ACCOUNT	UC DAVIS ADMIN IT	1441 RESEARCH PARK DR	DAVIS	CA	840	95616		11200006	5305551212		0						11200006	0	MY	UC DAVIS
4	12345678	47160000111122227979	3059123412345	OLD	CARDHOLDER	UC DAVIS ADMIN IT	1441 RESEARCH PARK DR	DAVIS	CA	840	95616		11200007	5305551212		0						11200007	0		UC DAVIS
4	12345678	47160000111122228888	3059123412345	ANOTHER	CARDHOLDER	UC DAVIS ADMIN IT	1441 RESEARCH PARK DR	DAVIS	CA	840	95616		11200888	5305551212		0						11200888	0		UC DAVIS
4	12345678	47160000111122227777	3059123412345	EXPIRING	CARDHOLDER	UC DAVIS ADMIN IT	1441 RESEARCH PARK DR	DAVIS	CA	840	95616		11200777	5305551212		0						11200777	0		UC DAVIS
4	12345678	47160000111122229999	3059123412345	UNKNOWN	CARDHOLDER	UC DAVIS ADMIN IT	1441 RESEARCH PARK DR	DAVIS	CA	840	95616		11200999	5305551212		0						11200999	0		UC DAVIS
9	12345678		02072020	04	8		4.0	0200	200	1	USBANK
8	12345678		02072020	05			4.0	0200	200	1	USBANK
4	47160000111122221234	02072020	00000000000000000000001	1	05315	432688		URBAN LAND INSTITUTE	DAVIS	CA	840	95616	19000	19000	840	8398	10	10132005	840	0										1	9017316583	VZMA0CF3FCE7		0			175285537642443		7034189	1		4716404555550000						081281		200511120000957	0	11102005												10132005								471640006700067000011205700000	00000
4	47160000111122221234	02072020	00000000000000000000002	2	05315	449279		KOSMAN SUPPLY INC	DAVIS	CA	840	95616	48948	48948	840	5943	10	10132005	840	0														0					4811444	1		4716404555550000						040126		200511120000957	0	11102005												10132005								471640006700067000011205700000	00000
4	47160000111122221234	02072020	00000000000000000000003	1	05315	444500		FEDEX KINKO'S #5160	DAVIS	CA	840	95616	18000	18000	840	7338	10	11022005	840	0										0		pr06re0004		0			165306834060962		10510163	1		4716404555550000						001676		200511120000957	0	11102005												11022005								471640006700067000011205700000	00000
4	47160000111122221234	02072020	00000000000000000000004	1	05315	449279		KOSMAN SUPPLY INC	DAVIS	CA	840	95616	9230	9230	840	5943	10	11072005	840	0														0					4811444	1		4716404555550000						071999		200511120000957	0	11102005												11072005								471640006700067000011205700000	00000
4	47160000111122221212	02072020	00000000000000000000005	1	05315	432688		SOUTHWEST	DAVIS	CA	840	95616	32384	32384	840	8398	10	10132005	840	0										1	9017316583	VZMA0CF3FCE7		0			175285537642443		7034189	1		4716404555550000						081281		200511120000957	0	11102005												10132005								471640006700067000011205700000	00000
4	47160000111122223434	02072020	00000000000000000000006	2	05315	449279		HILTON	DAVIS	CA	840	95616	148948	148948	840	5943	10	10132005	840	0														0					4811444	1		4716404555550000						040126		200511120000957	0	11102005												10132005								471640006700067000011205700000	00000
4	47160000111122225656	02072020	00000000000000000000007	1	05315	444500		DOS COYOTES	DAVIS	CA	840	95618	800	800	840	7338	10	11022005	840	0										0		pr06re0004		0			165306834060962		10510163	1		4716404555550000						001676		200511120000957	0	11102005												11022005								471640006700067000011205700000	00000
4	47160000111122227979	02072020	00000000000000000000008	1	05315	449279		UBER	DAVIS	CA	840	95616	2230	2230	840	5943	10	11072005	840	0														0					4811444	1		4716404555550000						071999		200511120000957	0	11102005												11072005								471640006700067000011205700000	00000
4	47160000111122228888	02182020	00000000000000000000008	1	05315	449279		WOODSTOCKS PIZZA	DAVIS	CA	840	95616	5831	5831	840	5943	10	02172020	840	0														0					4811444	1		4716404555550000						071999		200511120000957	0	11102005												11072005								471640006700067000011205700000	00000
4	47160000111122227777	02182020	00000000000000000000008	1	05315	449279		PANERA	DAVIS	CA	840	95616	1773	1773	840	5943	10	02162020	840	0														0					4811444	1		4716404555550000						071999		200511120000957	0	11102005												11072005								471640006700067000011205700000	00000
4	47160000111122229999	02182020	00000000000000000000008	1	05315	449279		PANERA	DAVIS	CA	840	95616	365	365	840	5943	10	02162020	840	0														0					4811444	1		4716404555550000						071999		200511120000957	0	11102005												11072005								471640006700067000011205700000	00000
9	12345678		02072020	05	10	555314	4.0	0200	200	1	USBANK
7	12345678		02072020		70	555314	4.0	0200	200	1	USBANK
