100123371411501110000252211230455                                               
212337141150111000025000000000040008000801                                      
5500000074373922112312337141150111000025                                        
65000010000194127000000000    00006204510910874198       221123                 
45000016019511144              194127                                           
65000020004198842000000000    1500971366291486275        221123                 
45000026019507266             4198842                                           
750000007437392211230020004392969                                               
8000000074373922112300020004392969                                              
9    10   4392969                                                               
