100123371411501110000252212060455                                               
212337141150111000025000000000040008000801                                      
5500000074181622120612337141150111000025                                        
65000010004846000000000000      96280008131011382967     221206                 
4500001601963590135           4846000                                           
65000020000666480000000000       247421106031288         221206                 
4500002601066349577             63820                                           
4500002602066349549            221720                                           
4500002603066434494            253300                                           
4500002604066349665             63820                                           
4500002605966349509             63820                                           
750000007418162212060020005512480                                               
8000000074181622120600020005512480                                              
9    14   5512480                                                               
